0 3.165231828681707e-05
1 0.0001961048032680887
2 3.165231828681707e-05
3 6.715911266991121e-05
4 0.00019610480326808866
5 9.957297955816385e-05
6 3.165231828681707e-05
7 0.0014154598235124668
8 0.0014154598235124668
9 3.165231828681707e-05
10 3.165231828681707e-05
11 3.165231828681707e-05
12 0.00010985213830021392
13 3.165231828681707e-05
14 3.165231828681707e-05
15 3.165231828681707e-05
16 3.165231828681707e-05
17 7.076065343527256e-05
18 3.165231828681707e-05
19 3.165231828681707e-05
20 4.966002211362433e-05
21 5.1460792496305076e-05
22 3.165231828681707e-05
23 3.165231828681707e-05
24 4.245694058290144e-05
25 3.165231828681707e-05
26 3.165231828681707e-05
27 4.78592517309436e-05
28 3.165231828681707e-05
29 3.165231828681707e-05
30 3.165231828681707e-05
31 3.165231828681707e-05
32 3.165231828681707e-05
33 3.165231828681707e-05
34 0.00023671788108541497
35 0.0009567469000198097
36 0.0007175409220593716
37 3.7854824379718326e-05
38 6.610285916686572e-05
39 3.7854824379718326e-05
40 3.165231828681707e-05
41 3.165231828681707e-05
42 4.8706151928199375e-05
43 5.490865802110057e-05
44 0.000748847983933949
45 3.165231828681707e-05
46 3.165231828681707e-05
47 3.381324274603395e-05
48 0.0007134993404256872
49 3.165231828681707e-05
50 3.165231828681707e-05
51 3.165231828681707e-05
52 8.275651622141046e-05
53 3.165231828681707e-05
54 3.165231828681707e-05
55 5.113649500818463e-05
56 0.0034215440398793697
57 3.165231828681707e-05
58 0.0007197018465185884
59 3.165231828681707e-05
60 3.381324274603395e-05
61 3.381324274603395e-05
62 6.781170866555009e-05
63 3.165231828681707e-05
64 4.2577100811813984e-05
65 4.257710081181399e-05
66 3.165231828681707e-05
67 3.165231828681707e-05
68 3.165231828681707e-05
69 3.165231828681707e-05
70 3.165231828681707e-05
71 3.165231828681707e-05
72 4.2456940582901416e-05
73 3.165231828681707e-05
74 3.165231828681707e-05
75 3.165231828681707e-05
76 3.165231828681707e-05
77 3.165231828681707e-05
78 0.00048615208705109187
79 0.00043498057978576845
80 0.00015906399611208475
81 3.165231828681707e-05
82 3.7054629434859256e-05
83 0.0003216553870445899
84 3.165231828681707e-05
85 3.165231828681707e-05
86 3.165231828681707e-05
87 0.0014154598235124683
88 4.361018889757023e-05
89 4.657444112332959e-05
90 3.165231828681707e-05
91 3.165231828681707e-05
92 0.0001404179985554471
93 7.79637349659954e-05
94 3.165231828681707e-05
95 3.165231828681707e-05
96 3.165231828681707e-05
97 3.165231828681707e-05
98 0.00010432618869655056
99 3.165231828681707e-05
100 0.0014154598235124678
101 0.00010432618869655056
102 3.165231828681707e-05
103 3.165231828681707e-05
104 4.7859251730943535e-05
105 3.165231828681707e-05
106 5.634498659485942e-05
